function [xc, yc, tf, flag] = case4(x110, x120, x210, x220, x310, x320, beta)
flag = 1;
A = x120^4*x220^2 - 2*x120^4*x220*x320 + x120^4*x320^2 - 2*x120^3*x220^3 + 2*x120^3*x220^2*x320 + 2*x120^3*x220*x320^2 - 2*x120^3*x320^3 + x120^2*x220^4 + 2*x120^2*x220^3*x320 - 6*x120^2*x220^2*x320^2 + 2*x120^2*x220*x320^3 + x120^2*x320^4 - 2*x120*x220^4*x320 + 2*x120*x220^3*x320^2 + 2*x120*x220^2*x320^3 - 2*x120*x220*x320^4 + x220^4*x320^2 - 2*x220^3*x320^3 + x220^2*x320^4 
B = - 3/4*x110^2*x220^2*beta + 3/2*x110^2*x220*x320*beta - 3/4*x110^2*x320^2*beta + 6*x110*x120^3*x220^2 - 12*x110*x120^3*x220*x320 + 6*x110*x120^3*x320^2 - 9*x110*x120^2*x220^3 + 9*x110*x120^2*x220^2*x320 + 9*x110*x120^2*x220*x320^2 - 9*x110*x120^2*x320^3 + 3/2*x110*x120*x210*x220*beta - 3/2*x110*x120*x210*x320*beta + 3*x110*x120*x220^4 + 6*x110*x120*x220^3*x320 - 18*x110*x120*x220^2*x320^2 - 3/2*x110*x120*x220*x310*beta + 6*x110*x120*x220*x320^3 + 3/2*x110*x120*x310*x320*beta + 3*x110*x120*x320^4 - 3/2*x110*x210*x220*x320*beta + 3/2*x110*x210*x320^2*beta - 3*x110*x220^4*x320 + 3*x110*x220^3*x320^2 + 3/2*x110*x220^2*x310*beta + 3*x110*x220^2*x320^3 - 3/2*x110*x220*x310*x320*beta - 3*x110*x220*x320^4 + 3*x120^4*x210*x220 - 3*x120^4*x210*x320 - 3*x120^4*x220*x310 + 3*x120^4*x310*x320 - 9*x120^3*x210*x220^2 + 6*x120^3*x210*x220*x320 + 3*x120^3*x210*x320^2 + 3*x120^3*x220^2*x310 + 6*x120^3*x220*x310*x320 - 9*x120^3*x310*x320^2 - 3/4*x120^2*x210^2*beta + 6*x120^2*x210*x220^3 + 9*x120^2*x210*x220^2*x320 - 18*x120^2*x210*x220*x320^2 + 3/2*x120^2*x210*x310*beta + 3*x120^2*x210*x320^3 + 3*x120^2*x220^3*x310 - 18*x120^2*x220^2*x310*x320 + 9*x120^2*x220*x310*x320^2 - 3/4*x120^2*x310^2*beta + 6*x120^2*x310*x320^3 + 3/2*x120*x210^2*x320*beta - 12*x120*x210*x220^3*x320 + 9*x120*x210*x220^2*x320^2 - 3/2*x120*x210*x220*x310*beta + 6*x120*x210*x220*x320^3 - 3/2*x120*x210*x310*x320*beta - 3*x120*x210*x320^4 - 3*x120*x220^4*x310 + 6*x120*x220^3*x310*x320 + 9*x120*x220^2*x310*x320^2 + 3/2*x120*x220*x310^2*beta - 12*x120*x220*x310*x320^3 - 3/4*x210^2*x320^2*beta + 6*x210*x220^3*x320^2 - 9*x210*x220^2*x320^3 + 3/2*x210*x220*x310*x320*beta + 3*x210*x220*x320^4 + 3*x220^4*x310*x320 - 9*x220^3*x310*x320^2 - 3/4*x220^2*x310^2*beta + 6*x220^2*x310*x320^3 
C = + 15*x110^2*x120^2*x220^2 - 30*x110^2*x120^2*x220*x320 + 15*x110^2*x120^2*x320^2 - 15*x110^2*x120*x220^3 + 15*x110^2*x120*x220^2*x320 + 15*x110^2*x120*x220*x320^2 - 15*x110^2*x120*x320^3 + 3*x110^2*x220^4 + 3*x110^2*x220^3*x320 - 12*x110^2*x220^2*x320^2 + 3*x110^2*x220*x320^3 + 3*x110^2*x320^4 + 18*x110*x120^3*x210*x220 - 18*x110*x120^3*x210*x320 - 18*x110*x120^3*x220*x310 + 18*x110*x120^3*x310*x320 - 42*x110*x120^2*x210*x220^2 + 30*x110*x120^2*x210*x220*x320 + 12*x110*x120^2*x210*x320^2 + 12*x110*x120^2*x220^2*x310 + 30*x110*x120^2*x220*x310*x320 - 42*x110*x120^2*x310*x320^2 + 18*x110*x120*x210*x220^3 + 30*x110*x120*x210*x220^2*x320 - 60*x110*x120*x210*x220*x320^2 + 12*x110*x120*x210*x320^3 + 12*x110*x120*x220^3*x310 - 60*x110*x120*x220^2*x310*x320 + 30*x110*x120*x220*x310*x320^2 + 18*x110*x120*x310*x320^3 - 18*x110*x210*x220^3*x320 + 12*x110*x210*x220^2*x320^2 + 12*x110*x210*x220*x320^3 - 6*x110*x210*x320^4 - 6*x110*x220^4*x310 + 12*x110*x220^3*x310*x320 + 12*x110*x220^2*x310*x320^2 - 18*x110*x220*x310*x320^3 + 3*x120^4*x210^2 - 6*x120^4*x210*x310 + 3*x120^4*x310^2 - 15*x120^3*x210^2*x220 + 3*x120^3*x210^2*x320 + 12*x120^3*x210*x220*x310 + 12*x120^3*x210*x310*x320 + 3*x120^3*x220*x310^2 - 15*x120^3*x310^2*x320 + 15*x120^2*x210^2*x220^2 + 15*x120^2*x210^2*x220*x320 - 12*x120^2*x210^2*x320^2 + 12*x120^2*x210*x220^2*x310 - 60*x120^2*x210*x220*x310*x320 + 12*x120^2*x210*x310*x320^2 - 12*x120^2*x220^2*x310^2 + 15*x120^2*x220*x310^2*x320 + 15*x120^2*x310^2*x320^2 - 30*x120*x210^2*x220^2*x320 + 15*x120*x210^2*x220*x320^2 + 3*x120*x210^2*x320^3 - 18*x120*x210*x220^3*x310 + 30*x120*x210*x220^2*x310*x320 + 30*x120*x210*x220*x310*x320^2 - 18*x120*x210*x310*x320^3 + 3*x120*x220^3*x310^2 + 15*x120*x220^2*x310^2*x320 - 30*x120*x220*x310^2*x320^2 + 15*x210^2*x220^2*x320^2 - 15*x210^2*x220*x320^3 + 3*x210^2*x320^4 + 18*x210*x220^3*x310*x320 - 42*x210*x220^2*x310*x320^2 + 18*x210*x220*x310*x320^3 + 3*x220^4*x310^2 - 15*x220^3*x310^2*x320 + 15*x220^2*x310^2*x320^2 
D = + 18*x110^3*x120*x220^2 - 36*x110^3*x120*x220*x320 + 18*x110^3*x120*x320^2 - 9*x110^3*x220^3 + 9*x110^3*x220^2*x320 + 9*x110^3*x220*x320^2 - 9*x110^3*x320^3 + 45*x110^2*x120^2*x210*x220 - 45*x110^2*x120^2*x210*x320 - 45*x110^2*x120^2*x220*x310 + 45*x110^2*x120^2*x310*x320 - 72*x110^2*x120*x210*x220^2 + 54*x110^2*x120*x210*x220*x320 + 18*x110^2*x120*x210*x320^2 + 18*x110^2*x120*x220^2*x310 + 54*x110^2*x120*x220*x310*x320 - 72*x110^2*x120*x310*x320^2 + 18*x110^2*x210*x220^3 + 18*x110^2*x210*x220^2*x320 - 45*x110^2*x210*x220*x320^2 + 9*x110^2*x210*x320^3 + 9*x110^2*x220^3*x310 - 45*x110^2*x220^2*x310*x320 + 18*x110^2*x220*x310*x320^2 + 18*x110^2*x310*x320^3 + 18*x110*x120^3*x210^2 - 36*x110*x120^3*x210*x310 + 18*x110*x120^3*x310^2 - 72*x110*x120^2*x210^2*x220 + 18*x110*x120^2*x210^2*x320 + 54*x110*x120^2*x210*x220*x310 + 54*x110*x120^2*x210*x310*x320 + 18*x110*x120^2*x220*x310^2 - 72*x110*x120^2*x310^2*x320 + 45*x110*x120*x210^2*x220^2 + 54*x110*x120*x210^2*x220*x320 - 45*x110*x120*x210^2*x320^2 + 54*x110*x120*x210*x220^2*x310 - 216*x110*x120*x210*x220*x310*x320 + 54*x110*x120*x210*x310*x320^2 - 45*x110*x120*x220^2*x310^2 + 54*x110*x120*x220*x310^2*x320 + 45*x110*x120*x310^2*x320^2 - 45*x110*x210^2*x220^2*x320 + 18*x110*x210^2*x220*x320^2 + 9*x110*x210^2*x320^3 - 36*x110*x210*x220^3*x310 + 54*x110*x210*x220^2*x310*x320 + 54*x110*x210*x220*x310*x320^2 - 36*x110*x210*x310*x320^3 + 9*x110*x220^3*x310^2 + 18*x110*x220^2*x310^2*x320 - 45*x110*x220*x310^2*x320^2 - 9*x120^3*x210^3 + 9*x120^3*x210^2*x310 + 9*x120^3*x210*x310^2 - 9*x120^3*x310^3 + 18*x120^2*x210^3*x220 + 9*x120^2*x210^3*x320 + 18*x120^2*x210^2*x220*x310 - 45*x120^2*x210^2*x310*x320 - 45*x120^2*x210*x220*x310^2 + 18*x120^2*x210*x310^2*x320 + 9*x120^2*x220*x310^3 + 18*x120^2*x310^3*x320 - 36*x120*x210^3*x220*x320 + 9*x120*x210^3*x320^2 - 45*x120*x210^2*x220^2*x310 + 54*x120*x210^2*x220*x310*x320 + 18*x120*x210^2*x310*x320^2 + 18*x120*x210*x220^2*x310^2 + 54*x120*x210*x220*x310^2*x320 - 45*x120*x210*x310^2*x320^2 + 9*x120*x220^2*x310^3 - 36*x120*x220*x310^3*x320 + 18*x210^3*x220*x320^2 - 9*x210^3*x320^3 + 45*x210^2*x220^2*x310*x320 - 72*x210^2*x220*x310*x320^2 + 18*x210^2*x310*x320^3 + 18*x210*x220^3*x310^2 - 72*x210*x220^2*x310^2*x320 + 45*x210*x220*x310^2*x320^2 - 9*x220^3*x310^3 + 18*x220^2*x310^3*x320 
